procs -----------memory---------- ---swap-- -----io---- -system-- ------cpu-----
 r  b   swpd   free   buff  cache   si   so    bi    bo   in   cs    us sy id  wa st
 2  0      0 2913796  23632 468876    0    0    15    34   71   60    0  0 100  0  0
 6  0      0 2619380  23632 758704    0    0  5081 11861 27153 13154  2 91  6  0  0
 7  1      0 2619372  23632 758484    0    0  5317 12631 27884 13694  2 92  5  0  0
 7  1      0 2619372  23632 758484    0    0  5317 12631 27884 13694  2 92  5  0  0
 7  0      0 2619372  23632 758484    0    0  5317 12631 27884 13694  2 92  5  0  0
 6  0      0 2619380  23632 758704    0    0  5081 11861 27153 13154  2 91  6  0  0
 7  0      0 2619372  23632 758484    0    0  5317 12631 27884 13694  2 92  5  0  0
 7  0      0 2619372  23632 758484    0    0  5317 12631 27884 13694  2 92  5  0  0
